   1      8.361010e-08     6.937820e-03     0.000000e+00     0.000000e+00     0.000000e+00     8.339580e-09     6.000460e-10     6.326800e-08     5.255640e-15     5.163530e-08     1.848460e-10     6.444430e-08     3.544020e-08     3.068580e-07     6.518340e-07     1.012930e-06     4.618270e-07     1.893290e-07     4.511860e-07     5.526240e-06     6.361870e-09     1.542550e-06     3.692100e-07     2.618970e-06     2.614190e-06     1.056870e-05     5.068400e-06     9.819510e-01     2.475840e-03     8.414730e-03
   2      8.926080e-08     6.979290e-03     0.000000e+00     0.000000e+00     0.000000e+00     7.750500e-09     5.978430e-10     6.418970e-08     5.668660e-15     5.232670e-08     2.059560e-10     6.380620e-08     3.755980e-08     2.996520e-07     6.535260e-07     1.015040e-06     4.671950e-07     1.906060e-07     4.576530e-07     5.516450e-06     6.419960e-09     1.525850e-06     3.648850e-07     2.621840e-06     2.615190e-06     1.075860e-05     5.027180e-06     9.819330e-01     2.497990e-03     8.368480e-03
   3      1.031400e-07     6.902650e-03     0.000000e+00     0.000000e+00     0.000000e+00     6.210850e-09     5.457100e-10     6.207120e-08     6.087760e-15     5.010820e-08     2.439860e-10     5.854230e-08     4.059510e-08     2.646850e-07     6.081450e-07     9.276230e-07     4.401320e-07     1.780260e-07     4.275900e-07     5.121630e-06     5.959880e-09     1.421710e-06     3.292690e-07     2.471870e-06     2.421480e-06     1.010080e-05     4.936220e-06     9.822670e-01     2.538030e-03     8.080010e-03
   4      1.213470e-07     6.334050e-03     0.000000e+00     0.000000e+00     0.000000e+00     3.912390e-09     4.079900e-10     4.925050e-08     4.962680e-15     3.926280e-08     2.546430e-10     4.318080e-08     3.822820e-08     1.844180e-07     4.597820e-07     6.479440e-07     3.256890e-07     1.295880e-07     3.083470e-07     3.841570e-06     4.197360e-09     1.080830e-06     2.324070e-07     1.865170e-06     1.770510e-06     7.912120e-06     4.815740e-06     9.836320e-01     2.576180e-03     7.276880e-03
   5      1.549510e-07     4.321510e-03     0.000000e+00     0.000000e+00     0.000000e+00     9.899910e-10     1.537040e-10     1.907260e-08     1.981090e-15     1.408860e-08     1.679010e-10     1.391190e-08     1.988380e-08     5.240440e-08     1.626940e-07     1.968800e-07     1.092480e-07     4.359460e-08     9.954550e-08     1.312490e-06     1.159950e-09     3.706210e-07     6.911730e-08     6.250750e-07     5.613660e-07     5.365000e-06     4.703780e-06     9.880650e-01     2.445880e-03     5.063020e-03
   6      2.170510e-07     1.961530e-04     0.000000e+00     0.000000e+00     0.000000e+00     3.950100e-12     3.781210e-13     9.680120e-11     2.779530e-17     1.588390e-11     4.829830e-12     4.607810e-11     6.771830e-11     3.665930e-05     3.649140e-06     1.755840e-04     4.695740e-06     1.811560e-04     1.118180e-06     1.129890e-03     6.155880e-09     1.815570e-05     1.451680e-07     1.170930e-04     5.333820e-06     8.408490e-03     1.282490e-04     9.886350e-01     5.358740e-04     4.201940e-04
   7      2.932800e-19     1.972790e-08     0.000000e+00     0.000000e+00     0.000000e+00     5.210200e-10     1.352620e-14     4.062500e-09     2.879300e-17     3.775270e-12     2.660390e-14     1.538960e-08     4.124390e-10     3.457750e-03     2.497400e-06     6.147080e-03     8.014910e-07     3.334900e-03     4.039170e-07     7.879390e-03     1.093790e-08     1.169290e-05     4.630230e-08     6.535760e-04     1.716950e-05     2.533240e-02     4.121850e-04     9.527410e-01     1.843340e-06     7.049200e-06
   8      5.653760e-22     2.681850e-08     0.000000e+00     0.000000e+00     0.000000e+00     3.236470e-09     8.283850e-14     2.136990e-08     2.431720e-16     9.071860e-12     5.532950e-14     1.021870e-07     2.307150e-09     1.574450e-02     7.951830e-06     2.168670e-02     2.205980e-06     9.347110e-03     9.341930e-07     1.743420e-02     1.895900e-08     1.904810e-05     7.303360e-08     1.006890e-03     2.315580e-05     3.077880e-02     4.306800e-04     9.035120e-01     9.096500e-07     4.893630e-06
   9      1.148570e-23     3.110290e-08     0.000000e+00     0.000000e+00     0.000000e+00     1.417010e-08     3.705120e-13     8.390260e-08     1.224780e-15     2.998170e-11     2.086630e-13     4.694620e-07     8.876630e-09     5.448790e-02     2.330660e-05     6.156580e-02     5.319150e-06     2.195800e-02     1.879410e-06     3.378090e-02     3.362190e-08     3.011820e-05     9.931730e-08     1.347190e-03     2.708750e-05     3.339470e-02     4.282900e-04     7.929440e-01     7.705530e-07     4.124990e-06
  10      7.751100e-25     2.508880e-08     0.000000e+00     0.000000e+00     0.000000e+00     4.990870e-08     1.163040e-12     2.789860e-07     3.206720e-15     7.756190e-11     7.881510e-13     1.766380e-06     2.515070e-08     1.561230e-01     5.277820e-05     1.451230e-01     9.952040e-06     4.280810e-02     3.009420e-06     5.430730e-02     5.376170e-08     4.001960e-05     1.143950e-07     1.475490e-03     2.789630e-05     2.958560e-02     3.553830e-04     5.700820e-01     8.137790e-07     3.524240e-06
  11      2.204410e-25     1.378390e-08     0.000000e+00     0.000000e+00     0.000000e+00     1.340910e-07     2.041430e-12     7.919510e-07     3.586870e-15     1.412480e-10     2.592460e-12     5.184080e-06     4.561800e-08     3.358510e-01     7.741970e-05     2.511960e-01     1.186230e-05     5.995200e-02     3.178910e-06     6.128240e-02     6.481920e-08     3.647560e-05     9.690990e-08     1.104540e-03     2.242270e-05     1.759420e-02     2.037790e-04     2.726540e-01     1.029160e-06     2.766740e-06
  12      1.232040e-25     8.096880e-09     0.000000e+00     0.000000e+00     0.000000e+00     2.470080e-07     2.155630e-12     1.750610e-06     2.286550e-15     1.974930e-10     6.277720e-12     1.015030e-05     5.176370e-08     4.895070e-01     7.326010e-05     2.966800e-01     9.639260e-06     5.759620e-02     2.403840e-06     4.769980e-02     5.280260e-08     2.306950e-05     6.484680e-08     5.974550e-04     1.480690e-05     7.747040e-03     8.486520e-05     9.994900e-02     1.084130e-06     1.588510e-06
  13      3.537410e-32     5.321430e-09     0.000000e+00     0.000000e+00     0.000000e+00     3.550340e-07     2.155890e-12     3.032250e-06     1.805830e-15     2.629820e-10     1.121900e-11     1.473560e-05     4.909020e-08     5.701460e-01     6.185660e-05     2.956320e-01     7.794740e-06     4.924690e-02     1.859780e-06     3.490340e-02     3.732380e-08     1.440190e-05     4.657840e-08     3.458410e-04     1.016780e-05     3.937940e-03     3.878640e-05     4.563300e-02     9.538900e-07     8.341150e-07
  14      0.000000e+00     4.692260e-09     0.000000e+00     0.000000e+00     0.000000e+00     4.202250e-07     2.202340e-12     3.982220e-06     1.509110e-15     2.999790e-10     1.435960e-11     1.701990e-05     4.706500e-08     5.991760e-01     5.803820e-05     2.909400e-01     7.248440e-06     4.544130e-02     1.701240e-06     3.015150e-02     3.326840e-08     1.157500e-05     4.039380e-08     2.592940e-04     8.390270e-06     2.776320e-03     2.731240e-05     3.111790e-02     8.927850e-07     6.292980e-07
  15      4.370880e-28     3.730300e-09     0.000000e+00     0.000000e+00     0.000000e+00     4.137690e-07     1.715440e-12     5.633640e-06     8.144960e-16     3.442620e-10     1.206360e-11     1.501150e-05     2.894840e-08     5.890120e-01     4.176990e-05     3.095190e-01     8.102200e-06     5.223880e-02     2.228060e-06     3.744350e-02     4.473730e-08     1.554160e-05     6.274880e-08     1.132030e-04     4.475980e-06     8.389570e-04     9.824100e-06     1.073050e-02     6.874200e-07     2.727920e-07
  16      4.358650e-31     2.847730e-12     0.000000e+00     0.000000e+00     0.000000e+00     2.809740e-05     4.801230e-09     2.544270e-02     2.223000e-14     6.316840e-07     5.049210e-08     1.163330e-04     1.607490e-06     6.284030e-01     4.701080e-05     2.807960e-01     1.479700e-05     4.031920e-02     3.692390e-06     2.448360e-02     1.581860e-10     9.012340e-06     6.708440e-09     6.620920e-06     7.601980e-08     2.062590e-05     7.087370e-06     3.003610e-04     4.589160e-10     1.869970e-10
  17      0.000000e+00     2.861970e-16     0.000000e+00     0.000000e+00     0.000000e+00     1.575900e-05     1.432910e-07     3.043940e-01     8.805820e-14     3.455570e-06     6.356920e-08     2.105870e-02     2.625910e-05     6.162180e-01     1.549980e-04     5.624820e-02     1.685870e-06     1.700420e-03     1.652990e-07     1.780760e-04     1.276630e-12     2.363500e-08     6.594580e-12     2.925080e-09     3.105670e-11     4.388570e-09     4.445730e-10     2.923930e-08     8.056480e-14     8.056920e-14
  18      3.074960e-22     1.667810e-10     0.000000e+00     0.000000e+00     0.000000e+00     3.206360e-01     7.085320e-06     4.822160e-01     8.360700e-08     8.044110e-02     2.853580e-04     6.998680e-02     4.176320e-04     4.347780e-02     1.148320e-04     2.384920e-03     1.402470e-06     3.047480e-05     6.267040e-08     5.563640e-07     5.183350e-13     1.786650e-10     2.163580e-13     4.050840e-12     7.433600e-14     7.879110e-13     2.222910e-14     8.827460e-14     6.030440e-20     7.276590e-20
  19      1.987540e-12     2.399940e-01     0.000000e+00     0.000000e+00     0.000000e+00     2.111640e-04     2.716670e-12     4.325070e-07     5.356430e-18     1.528080e-06     7.539020e-12     5.969130e-06     2.547030e-07     2.963980e-04     2.773630e-05     2.893310e-03     5.685580e-04     1.479130e-03     4.879210e-04     1.335810e-02     2.520910e-05     5.577920e-03     1.945090e-03     2.031040e-02     6.048760e-03     6.453860e-02     7.187600e-04     5.761340e-01     2.519940e-03     5.676710e-02
  20      2.063870e-12     2.493270e-01     0.000000e+00     0.000000e+00     0.000000e+00     3.540320e-04     4.556140e-12     6.269590e-07     6.755750e-18     1.960520e-06     8.626580e-12     7.035300e-06     2.609890e-07     3.284100e-04     3.058090e-05     2.673110e-03     3.015300e-04     1.380170e-03     4.846140e-04     1.413700e-02     3.951870e-05     6.200080e-03     1.850830e-03     2.044240e-02     6.324280e-03     4.782480e-02     4.531740e-04     5.832300e-01     2.634660e-03     5.593880e-02
  21      2.249880e-12     2.615700e-01     0.000000e+00     0.000000e+00     0.000000e+00     3.064890e-04     4.082420e-12     5.082640e-07     8.249200e-18     1.714150e-06     4.712670e-12     8.362510e-06     3.490910e-07     3.589090e-04     3.863760e-05     2.952100e-03     3.407970e-04     1.464050e-03     5.885800e-04     1.516060e-02     4.392980e-05     6.500750e-03     2.119630e-03     1.788910e-02     6.439660e-03     3.552410e-02     4.443050e-04     5.880520e-01     2.835400e-03     5.161310e-02
  22      1.686620e-12     2.793030e-01     0.000000e+00     0.000000e+00     0.000000e+00     3.036010e-04     2.837080e-12     5.961560e-07     8.817360e-18     2.182000e-06     8.384030e-12     9.563270e-06     4.088090e-07     4.152540e-04     5.689770e-05     3.433150e-03     4.110640e-04     1.572490e-03     7.598650e-04     1.643830e-02     5.068210e-05     6.416230e-03     2.194690e-03     1.364980e-02     5.957930e-03     3.215660e-02     6.100190e-04     5.798200e-01     3.355390e-03     4.717570e-02
  23      2.068840e-12     3.041110e-01     0.000000e+00     0.000000e+00     0.000000e+00     3.383930e-04     5.056520e-12     7.075070e-07     1.069500e-17     2.705730e-06     1.081720e-11     1.205060e-05     5.128270e-07     5.016820e-04     6.803800e-05     4.042940e-03     4.584940e-04     1.846270e-03     8.714630e-04     1.697760e-02     5.772790e-05     6.014230e-03     1.772890e-03     1.347770e-02     5.702020e-03     3.825930e-02     1.147660e-03     5.488480e-01     3.432940e-03     4.550800e-02
  24      2.475220e-12     3.374420e-01     0.000000e+00     0.000000e+00     0.000000e+00     3.914960e-04     6.139740e-12     9.624320e-07     1.751010e-17     4.057960e-06     1.686510e-11     1.847660e-05     7.344690e-07     6.465420e-04     5.282910e-05     4.558860e-03     3.910280e-04     2.373490e-03     5.659410e-04     1.842820e-02     8.216870e-05     7.495630e-03     1.149500e-03     2.086580e-02     4.554720e-03     5.758850e-02     3.806590e-03     4.840390e-01     2.506310e-03     4.474570e-02
  25      3.368860e-12     3.826240e-01     0.000000e+00     0.000000e+00     0.000000e+00     5.802960e-04     1.100190e-11     1.582450e-06     2.802860e-17     6.923120e-06     2.825060e-11     3.062180e-05     1.107050e-06     8.278280e-04     2.295370e-05     3.965650e-03     2.470660e-04     2.921470e-03     6.996950e-04     2.411940e-02     3.938110e-04     1.100270e-02     1.111100e-03     3.814940e-02     2.356210e-03     1.362800e-01     1.757460e-02     3.315480e-01     1.703580e-03     4.115290e-02
  26      2.653990e-12     4.513900e-01     0.000000e+00     0.000000e+00     0.000000e+00     1.211820e-03     1.734920e-11     2.235450e-06     1.202540e-17     7.407920e-06     2.793330e-11     2.872200e-05     1.101820e-06     8.362090e-04     4.411840e-05     4.120040e-03     8.390620e-04     2.794710e-03     3.308390e-03     3.652300e-02     2.460890e-04     2.018300e-02     1.897640e-03     1.075560e-01     1.028710e-02     2.171930e-01     2.812280e-02     1.086000e-01     1.136350e-03     3.528490e-03
  27      2.030030e-12     5.571470e-01     0.000000e+00     0.000000e+00     0.000000e+00     1.761200e-03     2.088880e-11     3.445080e-06     2.129360e-17     1.209830e-05     5.047160e-11     4.870310e-05     1.970360e-06     1.449650e-03     6.993970e-05     7.151070e-03     1.185150e-03     5.194730e-03     4.837230e-03     9.483640e-02     6.282590e-04     7.703520e-02     3.974940e-03     1.732390e-01     1.465170e-02     4.351610e-02     5.162820e-03     7.408110e-03     1.351350e-04     4.069380e-04
  28      1.288120e-12     6.745310e-01     0.000000e+00     0.000000e+00     0.000000e+00     1.922920e-03     2.007820e-11     6.000730e-06     1.950910e-16     2.873050e-05     1.282950e-10     1.337660e-04     5.285990e-06     3.458710e-03     9.700990e-05     1.617390e-02     6.922210e-04     1.332100e-02     2.277560e-03     2.129010e-01     4.740510e-04     5.899380e-02     8.275150e-04     1.059740e-02     9.482060e-04     1.741750e-03     3.139070e-04     4.798770e-04     2.942350e-05     4.146160e-05
  29      9.860120e-13     7.265810e-01     0.000000e+00     0.000000e+00     0.000000e+00     2.231420e-03     2.060450e-11     7.561610e-06     5.174030e-16     3.759500e-05     1.709840e-10     1.767400e-04     7.077210e-06     4.449880e-03     1.339640e-04     2.122860e-02     8.080410e-04     1.849660e-02     2.167390e-03     1.987510e-01     2.915680e-04     2.233990e-02     2.793700e-04     1.545730e-03     1.458960e-04     2.336020e-04     4.182680e-05     4.098800e-05     2.382940e-06     2.032770e-06
  30      7.707590e-13     7.717410e-01     0.000000e+00     0.000000e+00     0.000000e+00     2.663410e-03     2.124810e-11     8.884770e-06     8.345880e-16     4.405380e-05     2.037450e-10     2.070490e-04     8.475380e-06     5.268540e-03     1.673390e-04     2.643320e-02     1.110920e-03     2.473190e-02     2.861110e-03     1.562460e-01     1.995870e-04     7.930380e-03     8.555950e-05     2.496280e-04     1.987500e-05     1.970170e-05     2.284870e-06     1.142420e-06     4.358100e-08     1.702800e-08
  31      5.077830e-13     8.125100e-01     0.000000e+00     0.000000e+00     0.000000e+00     3.293520e-03     2.132880e-11     1.044640e-05     1.073820e-15     5.135460e-05     2.377110e-10     2.419870e-04     1.017450e-05     6.358100e-03     2.125460e-04     3.420350e-02     1.646000e-03     3.453970e-02     3.812220e-03     1.006400e-01     9.588010e-05     2.326460e-03     1.793180e-05     2.786460e-05     1.382010e-06     6.404900e-07     2.955270e-08     6.221080e-09     1.009770e-10     1.420170e-11
  32      2.845870e-13     8.649420e-01     0.000000e+00     0.000000e+00     0.000000e+00     4.258620e-03     2.237750e-11     1.294780e-05     1.728720e-15     6.345820e-05     2.976490e-10     3.017810e-04     1.327800e-05     8.335480e-03     3.083240e-04     5.012820e-02     2.373270e-03     4.037090e-02     3.613330e-03     2.508630e-02     1.569030e-05     1.751070e-04     8.198930e-07     5.737190e-07     1.413420e-08     3.438040e-09     7.155300e-11     8.980690e-12     8.105480e-14     5.933550e-15
  33      5.000270e-13     9.146250e-01     0.000000e+00     0.000000e+00     0.000000e+00     4.571030e-03     4.412680e-11     1.683710e-05     4.912820e-15     8.233140e-05     4.452380e-10     3.706110e-04     1.649140e-05     9.562740e-03     3.743180e-04     4.587280e-02     1.734100e-03     1.734300e-02     1.284280e-03     4.127910e-03     3.280960e-06     1.533870e-05     6.757880e-08     2.252520e-08     2.365490e-10     2.756840e-11     1.508890e-13     8.210420e-15     2.446560e-17     4.127260e-19
  34      2.412180e-12     9.501870e-01     0.000000e+00     0.000000e+00     0.000000e+00     4.093560e-03     1.110080e-10     1.935070e-05     9.512620e-15     9.181900e-05     5.649750e-10     3.887350e-04     1.759670e-05     9.860940e-03     3.876340e-04     2.990390e-02     9.237130e-04     3.775660e-03     1.848620e-04     1.643860e-04     3.082600e-07     3.643400e-07     1.446610e-09     3.278990e-10     2.273900e-12     1.949490e-13     3.402620e-16     7.417160e-18     4.860850e-21     1.456730e-23
  35      4.287550e-11     9.677360e-01     0.000000e+00     0.000000e+00     0.000000e+00     3.192090e-03     6.756300e-10     2.551910e-05     1.613230e-14     1.058110e-04     8.818790e-10     3.946510e-04     1.879490e-05     9.230430e-03     3.282550e-04     1.699490e-02     4.887100e-04     1.396010e-03     5.872140e-05     2.953660e-05     8.428740e-08     4.021830e-08     1.228810e-10     1.205360e-11     1.010600e-14     3.257290e-16     1.237010e-19     2.111100e-21     1.086080e-24     2.678950e-27
  36      4.819290e-10     9.793100e-01     0.000000e+00     0.000000e+00     0.000000e+00     2.488390e-03     3.620760e-09     3.231150e-05     4.239130e-14     1.167290e-04     1.253380e-09     3.874970e-04     1.915680e-05     8.143860e-03     2.580160e-04     8.554520e-03     2.260760e-04     4.420030e-04     1.596110e-05     5.607260e-06     1.994550e-08     6.414170e-09     1.553830e-11     1.296570e-12     6.831120e-16     1.579730e-17     8.341080e-22     3.858000e-24     0.000000e+00     0.000000e+00
  37      3.444400e-09     9.894290e-01     0.000000e+00     0.000000e+00     0.000000e+00     1.960990e-03     2.099170e-08     3.424960e-05     1.793400e-13     9.223120e-05     1.463820e-09     2.580300e-04     1.252700e-05     4.615850e-03     1.360800e-04     3.271900e-03     7.977590e-05     1.057390e-04     3.226950e-06     7.456630e-07     3.393160e-09     6.541340e-10     9.843940e-13     5.681130e-14     1.197370e-17     1.851000e-19     4.724100e-24     1.108070e-26     0.000000e+00     0.000000e+00
  38      5.603950e-09     9.945080e-01     0.000000e+00     0.000000e+00     0.000000e+00     1.708810e-03     3.372370e-08     3.105240e-05     2.689960e-13     6.411770e-05     1.341050e-09     1.490410e-04     6.851700e-06     2.115790e-03     6.016130e-05     1.291280e-03     3.043460e-05     3.316680e-05     9.257150e-07     1.787030e-07     8.837600e-10     1.397460e-10     1.737990e-13     8.541180e-15     1.218290e-18     1.417770e-20     1.663920e-25     0.000000e+00     0.000000e+00     0.000000e+00
  39      6.075910e-09     9.965870e-01     0.000000e+00     0.000000e+00     0.000000e+00     1.557150e-03     3.626700e-08     2.690440e-05     2.821470e-13     4.783210e-05     1.134420e-09     9.733800e-05     4.269560e-06     1.085690e-03     2.930440e-05     5.417960e-04     1.216730e-05     9.884350e-06     2.361570e-07     3.379240e-08     1.868960e-10     2.143720e-11     2.019950e-14     7.795020e-16     8.252120e-20     7.230060e-22     2.709400e-27     0.000000e+00     0.000000e+00     0.000000e+00
  40      5.834710e-09     9.973780e-01     0.000000e+00     0.000000e+00     0.000000e+00     1.440440e-03     3.487980e-08     2.368480e-05     2.670840e-13     3.925510e-05     9.804680e-10     7.466990e-05     3.197560e-06     7.006960e-04     1.815800e-05     3.100370e-04     6.790460e-06     4.602910e-06     9.818610e-08     1.132330e-08     6.626350e-11     6.051120e-12     4.757980e-15     1.512410e-16     1.362580e-20     9.363240e-23     3.061480e-30     0.000000e+00     0.000000e+00     0.000000e+00
  41      5.388900e-09     9.977920e-01     0.000000e+00     0.000000e+00     0.000000e+00     1.334360e-03     3.234400e-08     2.110610e-05     2.449650e-13     3.380110e-05     8.650800e-10     6.220590e-05     2.643660e-06     5.206990e-04     1.306560e-05     2.125210e-04     4.596860e-06     2.779300e-06     5.473800e-08     5.380040e-09     3.240580e-11     2.489620e-12     1.742510e-15     4.794520e-17     4.002800e-21     2.314130e-23     0.000000e+00     0.000000e+00     0.000000e+00     0.000000e+00
  42      4.842560e-09     9.981730e-01     0.000000e+00     0.000000e+00     0.000000e+00     1.219120e-03     2.903520e-08     1.823250e-05     2.185810e-13     2.815760e-05     7.376650e-10     4.982500e-05     2.083880e-06     3.643040e-04     8.733930e-06     1.319000e-04     2.791560e-06     1.430780e-06     2.484740e-08     1.891700e-09     1.162400e-11     6.645330e-13     3.971630e-16     8.725020e-18     6.709520e-22     2.906680e-24     0.000000e+00     0.000000e+00     0.000000e+00     0.000000e+00
  43      4.286560e-09     9.984170e-01     0.000000e+00     0.000000e+00     0.000000e+00     1.102980e-03     2.577860e-08     1.594440e-05     1.930070e-13     2.424880e-05     6.419120e-10     4.228070e-05     1.766340e-06     2.875110e-04     6.703400e-06     9.814510e-05     2.068500e-06     9.959310e-07     1.647590e-08     1.115100e-09     6.874350e-12     3.301900e-13     1.800700e-16     3.403120e-18     2.546240e-22     9.368630e-25     0.000000e+00     0.000000e+00     0.000000e+00     0.000000e+00
  44      3.722700e-09     9.986400e-01     0.000000e+00     0.000000e+00     0.000000e+00     9.846640e-04     2.241330e-08     1.369130e-05     1.671770e-13     2.054220e-05     5.485080e-10     3.533890e-05     1.472900e-06     2.248130e-04     5.097870e-06     7.246070e-05     1.522260e-06     6.955360e-07     1.107630e-08     6.825030e-10     4.198360e-12     1.713220e-13     8.457380e-17     1.307390e-18     9.366850e-23     2.492160e-25     0.000000e+00     0.000000e+00     0.000000e+00     0.000000e+00
  45      3.212470e-09     9.988300e-01     0.000000e+00     0.000000e+00     0.000000e+00     8.767640e-04     1.933780e-08     1.167940e-05     1.438540e-13     1.730010e-05     4.654170e-10     2.936890e-05     1.219200e-06     1.751410e-04     3.859460e-06     5.328990e-05     1.116690e-06     4.883400e-07     7.567930e-09     4.390950e-10     2.682080e-12     9.831900e-14     4.535590e-17     6.000430e-19     4.122950e-23     7.205920e-26     0.000000e+00     0.000000e+00     0.000000e+00     0.000000e+00
  46      2.821050e-09     9.989580e-01     0.000000e+00     0.000000e+00     0.000000e+00     7.920130e-04     1.700870e-08     1.026010e-05     1.261910e-13     1.514190e-05     4.087940e-10     2.564620e-05     1.068920e-06     1.487980e-04     3.229400e-06     4.401550e-05     9.246750e-07     3.982500e-07     6.142650e-09     3.513910e-10     2.142020e-12     7.659650e-14     3.487560e-17     4.486890e-19     3.056620e-23     4.853300e-26     0.000000e+00     0.000000e+00     0.000000e+00     0.000000e+00
  47      2.508770e-09     9.990610e-01     0.000000e+00     0.000000e+00     0.000000e+00     7.244050e-04     1.513990e-08     9.123900e-06     1.120940e-13     1.341740e-05     3.634170e-10     2.266690e-05     9.474400e-07     1.281650e-04     2.741080e-06     3.686930e-05     7.761400e-07     3.290810e-07     5.050860e-09     2.851480e-10     1.734130e-12     6.064280e-14     2.729680e-17     3.431500e-19     2.319140e-23     3.380000e-26     0.000000e+00     0.000000e+00     0.000000e+00     0.000000e+00
  48      2.259110e-09     9.991420e-01     0.000000e+00     0.000000e+00     0.000000e+00     6.705870e-04     1.363900e-08     8.210880e-06     1.008170e-13     1.203130e-05     3.268620e-10     2.026520e-05     8.485760e-07     1.117510e-04     2.355730e-06     3.125670e-05     6.590540e-07     2.748780e-07     4.196270e-09     2.337970e-10     1.418070e-12     4.849960e-14     2.157560e-17     2.648380e-19     1.774340e-23     2.344800e-26     0.000000e+00     0.000000e+00     0.000000e+00     0.000000e+00
  49      2.056590e-09     9.992070e-01     0.000000e+00     0.000000e+00     0.000000e+00     6.272090e-04     1.241670e-08     7.465520e-06     9.166170e-14     1.089790e-05     2.969100e-10     1.829420e-05     7.666800e-07     9.840430e-05     2.044510e-06     2.674490e-05     5.646260e-07     2.314330e-07     3.512350e-09     1.931050e-10     1.167810e-12     3.905240e-14     1.715940e-17     2.053030e-19     1.362000e-23     1.596180e-26     0.000000e+00     0.000000e+00     0.000000e+00     0.000000e+00
  50      1.908410e-09     9.992510e-01     0.000000e+00     0.000000e+00     0.000000e+00     5.952260e-04     1.153480e-08     6.960590e-06     8.503160e-14     1.016850e-05     2.773930e-10     1.710350e-05     7.203520e-07     9.155210e-05     1.891920e-06     2.464030e-05     5.218070e-07     2.131280e-07     3.240680e-09     1.778860e-10     1.076450e-12     3.581550e-14     1.570000e-17     1.865040e-19     1.234230e-23     1.369770e-26     0.000000e+00     0.000000e+00     0.000000e+00     0.000000e+00
  51      1.749850e-09     9.993060e-01     0.000000e+00     0.000000e+00     0.000000e+00     5.622200e-04     1.055550e-08     6.323860e-06     7.777600e-14     9.155940e-06     2.507250e-10     1.524600e-05     6.383620e-07     7.796630e-05     1.572210e-06     1.994930e-05     4.218230e-07     1.664100e-07     2.492470e-09     1.333950e-10     8.012190e-13     2.560990e-14     1.096140e-17     1.239910e-19     8.035320e-24     6.656780e-27     0.000000e+00     0.000000e+00     0.000000e+00     0.000000e+00
  52      1.557900e-09     9.993790e-01     0.000000e+00     0.000000e+00     0.000000e+00     5.237850e-04     9.333090e-09     5.460700e-06     6.883220e-14     7.719840e-06     2.127450e-10     1.249270e-05     5.106140e-07     5.693400e-05     1.079810e-06     1.283450e-05     2.692080e-07     9.675070e-08     1.389820e-09     7.022950e-11     4.125240e-13     1.213620e-14     4.914730e-18     4.961820e-20     3.029060e-24     4.583740e-28     0.000000e+00     0.000000e+00     0.000000e+00     0.000000e+00
  53      1.384070e-09     9.994390e-01     0.000000e+00     0.000000e+00     0.000000e+00     4.895030e-04     8.227650e-09     4.698670e-06     6.075680e-14     6.481900e-06     1.793400e-10     1.018480e-05     4.045470e-07     4.090850e-05     7.207190e-07     7.947700e-06     1.654030e-07     5.294790e-08     7.273720e-10     3.502090e-11     2.003690e-13     5.655650e-15     2.222180e-18     2.155200e-20     1.267920e-24     0.000000e+00     0.000000e+00     0.000000e+00     0.000000e+00     0.000000e+00
  54      1.261590e-09     9.994770e-01     0.000000e+00     0.000000e+00     0.000000e+00     4.650370e-04     7.461930e-09     4.202190e-06     5.513660e-14     5.709980e-06     1.581800e-10     8.813430e-06     3.436400e-07     3.259090e-05     5.440130e-07     5.684230e-06     1.178720e-07     3.433930e-08     4.557740e-10     2.111880e-11     1.181220e-13     3.249990e-15     1.253540e-18     1.199540e-20     6.892990e-25     0.000000e+00     0.000000e+00     0.000000e+00     0.000000e+00     0.000000e+00
  55      1.185990e-09     9.994980e-01     0.000000e+00     0.000000e+00     0.000000e+00     4.493660e-04     7.002500e-09     3.929130e-06     5.172890e-14     5.309570e-06     1.471620e-10     8.146720e-06     3.159420e-07     2.917950e-05     4.753510e-07     4.839470e-06     1.004220e-07     2.789300e-08     3.646560e-10     1.657740e-11     9.171070e-14     2.492670e-15     9.536070e-19     9.080630e-21     5.159480e-25     0.000000e+00     0.000000e+00     0.000000e+00     0.000000e+00     0.000000e+00
  56      1.122950e-09     9.995160e-01     0.000000e+00     0.000000e+00     0.000000e+00     4.362680e-04     6.620540e-09     3.705330e-06     4.889010e-14     4.984710e-06     1.382180e-10     7.612280e-06     2.939880e-07     2.657350e-05     4.240580e-07     4.221060e-06     8.768690e-08     2.331980e-08     3.007510e-10     1.342660e-11     7.351020e-14     1.974600e-15     7.495710e-19     7.104750e-21     3.992050e-25     0.000000e+00     0.000000e+00     0.000000e+00     0.000000e+00     0.000000e+00
  57      1.075010e-09     9.995290e-01     0.000000e+00     0.000000e+00     0.000000e+00     4.261360e-04     6.333610e-09     3.544390e-06     4.674030e-14     4.757760e-06     1.320110e-10     7.251500e-06     2.798120e-07     2.499160e-05     3.940130e-07     3.864740e-06     8.044180e-08     2.079520e-08     2.661940e-10     1.175040e-11     6.394210e-14     1.705330e-15     6.446270e-19     6.095810e-21     3.402730e-25     0.000000e+00     0.000000e+00     0.000000e+00     0.000000e+00     0.000000e+00
  58      1.015640e-09     9.995450e-01     0.000000e+00     0.000000e+00     0.000000e+00     4.141410e-04     5.967370e-09     3.320500e-06     4.403610e-14     4.424470e-06     1.227640e-10     6.688080e-06     2.556990e-07     2.215590e-05     3.389150e-07     3.223890e-06     6.711300e-08     1.621160e-08     2.024640e-10     8.639900e-12     4.604960e-14     1.198860e-15     4.455480e-19     4.165970e-21     2.266640e-25     0.000000e+00     0.000000e+00     0.000000e+00     0.000000e+00     0.000000e+00
  59      9.693260e-10     9.995580e-01     0.000000e+00     0.000000e+00     0.000000e+00     4.046570e-04     5.684230e-09     3.152860e-06     4.193200e-14     4.179900e-06     1.160010e-10     6.284070e-06     2.388430e-07     2.027180e-05     3.034750e-07     2.822910e-06     5.882720e-08     1.348790e-08     1.653720e-10     6.864620e-12     3.596770e-14     9.171640e-16     3.359710e-19     3.110220e-21     1.652680e-25     0.000000e+00     0.000000e+00     0.000000e+00     0.000000e+00     0.000000e+00
  60      9.147500e-10     9.995730e-01     0.000000e+00     0.000000e+00     0.000000e+00     3.938140e-04     5.344760e-09     2.942700e-06     3.943800e-14     3.866350e-06     1.072020e-10     5.754060e-06     2.159210e-07     1.771870e-05     2.558870e-07     2.303480e-06     4.800360e-08     1.010730e-08     1.198240e-10     4.718940e-12     2.388100e-14     5.826850e-16     2.065780e-19     1.866490e-21     9.351100e-26     0.000000e+00     0.000000e+00     0.000000e+00     0.000000e+00     0.000000e+00
  61      8.638130e-10     9.995870e-01     0.000000e+00     0.000000e+00     0.000000e+00     3.837310e-04     5.027710e-09     2.747320e-06     3.711200e-14     3.576630e-06     9.902200e-11     5.268390e-06     1.950000e-07     1.548640e-05     2.156360e-07     1.884190e-06     3.927400e-08     7.597360e-09     8.708080e-11     3.232660e-12     1.570460e-14     3.621590e-16     1.229120e-19     1.071220e-21     4.879210e-26     0.000000e+00     0.000000e+00     0.000000e+00     0.000000e+00     0.000000e+00
  62      8.553460e-10     9.995890e-01     0.000000e+00     0.000000e+00     0.000000e+00     3.813860e-04     4.985410e-09     2.739900e-06     3.672950e-14     3.578790e-06     9.936010e-11     5.295120e-06     1.975520e-07     1.586330e-05     2.234540e-07     1.959980e-06     4.098990e-08     8.062530e-09     9.347800e-11     3.529020e-12     1.738430e-14     4.085430e-16     1.410770e-19     1.246790e-21     5.899360e-26     0.000000e+00     0.000000e+00     0.000000e+00     0.000000e+00     0.000000e+00
  63      8.174050e-10     9.995990e-01     0.000000e+00     0.000000e+00     0.000000e+00     3.738180e-04     4.750010e-09     2.597190e-06     3.499300e-14     3.369000e-06     9.346320e-11     4.946900e-06     1.827030e-07     1.433300e-05     1.965840e-07     1.688300e-06     3.533650e-08     6.528480e-09     7.391680e-11     2.665930e-12     1.272380e-14     2.854400e-16     9.510790e-20     8.135330e-22     3.517250e-26     0.000000e+00     0.000000e+00     0.000000e+00     0.000000e+00     0.000000e+00
  64      8.128160e-10     9.996000e-01     0.000000e+00     0.000000e+00     0.000000e+00     3.722800e-04     4.729600e-09     2.600350e-06     3.476150e-14     3.383240e-06     9.420110e-11     4.987760e-06     1.855890e-07     1.470930e-05     2.040130e-07     1.758680e-06     3.691410e-08     6.932460e-09     7.932370e-11     2.909020e-12     1.407590e-14     3.220400e-16     1.092420e-19     9.490700e-22     4.290530e-26     0.000000e+00     0.000000e+00     0.000000e+00     0.000000e+00     0.000000e+00
  65      8.098790e-10     9.996010e-01     0.000000e+00     0.000000e+00     0.000000e+00     3.710490e-04     4.718570e-09     2.608390e-06     3.458800e-14     3.403170e-06     9.514960e-11     5.035920e-06     1.887050e-07     1.510170e-05     2.116940e-07     1.833070e-06     3.857280e-08     7.375650e-09     8.533700e-11     3.184520e-12     1.562440e-14     3.644720e-16     1.257630e-19     1.108760e-21     5.211930e-26     0.000000e+00     0.000000e+00     0.000000e+00     0.000000e+00     0.000000e+00
  66      7.767760e-10     9.996090e-01     0.000000e+00     0.000000e+00     0.000000e+00     3.645550e-04     4.511380e-09     2.480370e-06     3.306720e-14     3.213060e-06     8.977760e-11     4.716780e-06     1.748640e-07     1.367660e-05     1.867540e-07     1.584650e-06     3.336490e-08     5.993420e-09     6.770320e-11     2.410040e-12     1.144520e-14     2.542690e-16     8.455670e-20     7.194420e-22     3.070390e-26     0.000000e+00     0.000000e+00     0.000000e+00     0.000000e+00     0.000000e+00
  67      7.451110e-10     9.996180e-01     0.000000e+00     0.000000e+00     0.000000e+00     3.583700e-04     4.313190e-09     2.358380e-06     3.161620e-14     3.032940e-06     8.465530e-11     4.416590e-06     1.618980e-07     1.238400e-05     1.647300e-07     1.373710e-06     2.893780e-08     4.913490e-09     5.440120e-11     1.852780e-12     8.533420e-15     1.803270e-16     5.772400e-20     4.708570e-22     1.764530e-26     0.000000e+00     0.000000e+00     0.000000e+00     0.000000e+00     0.000000e+00
  68      7.455580e-10     9.996180e-01     0.000000e+00     0.000000e+00     0.000000e+00     3.578710e-04     4.321190e-09     2.374950e-06     3.158040e-14     3.062030e-06     8.589220e-11     4.473760e-06     1.651050e-07     1.274210e-05     1.712850e-07     1.432870e-06     3.024860e-08     5.210120e-09     5.815280e-11     2.009750e-12     9.366970e-15     2.017350e-16     6.568690e-20     5.453520e-22     2.166910e-26     0.000000e+00     0.000000e+00     0.000000e+00     0.000000e+00     0.000000e+00
  69      7.470170e-10     9.996170e-01     0.000000e+00     0.000000e+00     0.000000e+00     3.575470e-04     4.334970e-09     2.394580e-06     3.157870e-14     3.094690e-06     8.726650e-11     4.535590e-06     1.684680e-07     1.311230e-05     1.780380e-07     1.495000e-06     3.162050e-08     5.534650e-09     6.233010e-11     2.189150e-12     1.033540e-14     2.271080e-16     7.526220e-20     6.361050e-22     2.668260e-26     0.000000e+00     0.000000e+00     0.000000e+00     0.000000e+00     0.000000e+00
  70      7.493840e-10     9.996170e-01     0.000000e+00     0.000000e+00     0.000000e+00     3.573760e-04     4.353980e-09     2.416980e-06     3.160790e-14     3.130620e-06     8.876600e-11     4.601750e-06     1.719780e-07     1.349470e-05     1.850090e-07     1.560430e-06     3.306060e-08     5.890490e-09     6.698800e-11     2.393910e-12     1.145660e-14     2.569800e-16     8.667180e-20     7.454250e-22     3.282750e-26     0.000000e+00     0.000000e+00     0.000000e+00     0.000000e+00     0.000000e+00
  71      7.208260e-10     9.996240e-01     0.000000e+00     0.000000e+00     0.000000e+00     3.519590e-04     4.173770e-09     2.303620e-06     3.030810e-14     2.961980e-06     8.389400e-11     4.317910e-06     1.595100e-07     1.224440e-05     1.636190e-07     1.356010e-06     2.873740e-08     4.830090e-09     5.374030e-11     1.831740e-12     8.483090e-15     1.804390e-16     5.848390e-20     4.811670e-22     1.864790e-26     0.000000e+00     0.000000e+00     0.000000e+00     0.000000e+00     0.000000e+00
  72      7.244150e-10     9.996240e-01     0.000000e+00     0.000000e+00     0.000000e+00     3.520500e-04     4.199630e-09     2.328980e-06     3.038690e-14     3.000950e-06     8.548950e-11     4.386800e-06     1.630250e-07     1.261090e-05     1.701160e-07     1.415370e-06     3.004100e-08     5.132020e-09     5.758690e-11     1.994880e-12     9.356480e-15     2.031160e-16     6.699010e-20     5.616470e-22     2.305360e-26     0.000000e+00     0.000000e+00     0.000000e+00     0.000000e+00     0.000000e+00
  73      7.048670e-10     9.996290e-01     0.000000e+00     0.000000e+00     0.000000e+00     3.482500e-04     4.076790e-09     2.253570e-06     2.948190e-14     2.889300e-06     8.234280e-11     4.200000e-06     1.549210e-07     1.181430e-05     1.567250e-07     1.289580e-06     2.738310e-08     4.506260e-09     4.990940e-11     1.677000e-12     7.703650e-15     1.614130e-16     5.187550e-20     4.214170e-22     1.571720e-26     0.000000e+00     0.000000e+00     0.000000e+00     0.000000e+00     0.000000e+00
  74      6.858610e-10     9.996340e-01     0.000000e+00     0.000000e+00     0.000000e+00     3.445760e-04     3.957350e-09     2.180400e-06     2.860560e-14     2.781440e-06     7.928170e-11     4.020510e-06     1.471550e-07     1.106670e-05     1.443780e-07     1.176500e-06     2.498850e-08     3.975260e-09     4.354920e-11     1.423080e-12     6.416280e-15     1.299140e-16     4.073980e-20     3.200990e-22     1.064220e-26     0.000000e+00     0.000000e+00     0.000000e+00     0.000000e+00     0.000000e+00
  75      6.750940e-10     9.996370e-01     0.000000e+00     0.000000e+00     0.000000e+00     3.423270e-04     3.890460e-09     2.142070e-06     2.808160e-14     2.725200e-06     7.783290e-11     3.927760e-06     1.432810e-07     1.070280e-05     1.385190e-07     1.123260e-06     2.387050e-08     3.735110e-09     4.074340e-11     1.314450e-12     5.880090e-15     1.172090e-16     3.638880e-20     2.814110e-22     8.814890e-27     0.000000e+00     0.000000e+00     0.000000e+00     0.000000e+00     0.000000e+00
  76      6.492940e-10     9.996430e-01     0.000000e+00     0.000000e+00     0.000000e+00     3.375620e-04     3.727650e-09     2.040170e-06     2.693030e-14     2.576150e-06     7.339580e-11     3.681650e-06     1.325700e-07     9.703470e-06     1.224360e-07     9.825300e-07     2.086460e-08     3.139070e-09     3.389080e-11     1.060350e-12     4.657620e-15     8.932670e-17     2.708320e-20     2.009320e-22     5.260700e-27     0.000000e+00     0.000000e+00     0.000000e+00     0.000000e+00     0.000000e+00
  77      6.316600e-10     9.996480e-01     0.000000e+00     0.000000e+00     0.000000e+00     3.342010e-04     3.616950e-09     1.972870e-06     2.612780e-14     2.478330e-06     7.056320e-11     3.521540e-06     1.257190e-07     9.081210e-06     1.126660e-07     8.988830e-07     1.907700e-08     2.806730e-09     3.018020e-11     9.300140e-13     4.057610e-15     7.648980e-17     2.304920e-20     1.678980e-22     4.038130e-27     0.000000e+00     0.000000e+00     0.000000e+00     0.000000e+00     0.000000e+00
  78      6.295060e-10     9.996480e-01     0.000000e+00     0.000000e+00     0.000000e+00     3.334940e-04     3.604510e-09     1.969630e-06     2.597610e-14     2.473500e-06     7.070020e-11     3.513900e-06     1.255890e-07     9.074330e-06     1.126760e-07     8.981330e-07     1.907720e-08     2.801280e-09     3.013070e-11     9.276390e-13     4.047100e-15     7.623940e-17     2.298870e-20     1.673540e-22     4.023680e-27     0.000000e+00     0.000000e+00     0.000000e+00     0.000000e+00     0.000000e+00
  79      6.200190e-10     9.996510e-01     0.000000e+00     0.000000e+00     0.000000e+00     3.315610e-04     3.545370e-09     1.935630e-06     2.552030e-14     2.424100e-06     6.939060e-11     3.433310e-06     1.222320e-07     8.775140e-06     1.080830e-07     8.590130e-07     1.824480e-08     2.650020e-09     2.846510e-11     8.704380e-13     3.789140e-15     7.088520e-17     2.135970e-20     1.543810e-22     3.597470e-27     0.000000e+00     0.000000e+00     0.000000e+00     0.000000e+00     0.000000e+00
  80      6.259800e-10     9.996500e-01     0.000000e+00     0.000000e+00     0.000000e+00     3.322450e-04     3.584010e-09     1.965100e-06     2.570580e-14     2.466080e-06     7.103600e-11     3.501380e-06     1.253970e-07     9.062500e-06     1.126820e-07     8.966680e-07     1.907440e-08     2.790710e-09     3.003300e-11     9.230400e-13     4.026740e-15     7.575850e-17     2.287160e-20     1.663100e-22     3.996170e-27     0.000000e+00     0.000000e+00     0.000000e+00     0.000000e+00     0.000000e+00
