  80
   0.00115814
   1      6.246038e+02    -4.612139e-01     9.928640e-01     9.704610e-01     4.434550e-06     1.053040e-05     1.671640e-06
   2      1.249208e+03    -4.623849e-01     9.928230e-01     9.704590e-01     4.394450e-06     1.071900e-05     1.658220e-06
   3      1.873811e+03    -3.844045e-01     9.929070e-01     9.709310e-01     4.311170e-06     1.006220e-05     1.534770e-06
   4      2.498415e+03    -4.354428e-01     9.935030e-01     9.726010e-01     4.220180e-06     7.881120e-06     1.147280e-06
   5      3.123019e+03    -4.778310e-01     9.955850e-01     9.778110e-01     4.112770e-06     5.344160e-06     3.914980e-07
   6      3.747623e+03    -5.227398e-01     9.982690e-01     9.836210e-01     4.331260e-06     8.405260e-03     1.152770e-04
   7      4.372227e+03    -5.718765e-01     9.791770e-01     9.497640e-01     7.255210e-06     2.521460e-02     6.533970e-04
   8      4.996830e+03    -6.191848e-01     9.357760e-01     9.009090e-01     6.956520e-06     3.059850e-02     1.006500e-03
   9      5.621434e+03    -6.655282e-01     8.281760e-01     7.907590e-01     5.898820e-06     3.318530e-02     1.346620e-03
  10      6.246038e+03    -7.065601e-01     6.015710e-01     5.684670e-01     4.137180e-06     2.935170e-02     1.474710e-03
  11      6.870642e+03    -7.451210e-01     2.916200e-01     2.717290e-01     1.964880e-06     1.737800e-02     1.103540e-03
  12      7.495245e+03    -7.908846e-01     1.084190e-01     9.947120e-02     7.183240e-07     7.588280e-03     5.962420e-04
  13      8.119849e+03    -8.598126e-01     4.998200e-02     4.533300e-02     3.192740e-07     3.822090e-03     3.443830e-04
  14      8.744453e+03    -8.292251e-01     3.420240e-02     3.087050e-02     2.034320e-07     2.679900e-03     2.577860e-04
  15      9.369056e+03    -8.480054e-01     1.171360e-02     1.057350e-02     6.285920e-08     7.930600e-04     1.115890e-04
  16      9.993660e+03    -9.244092e-01     3.437910e-04     2.681220e-04     8.499080e-09     9.625290e-06     5.638640e-06
  17      1.061826e+04    -9.296629e-01     6.067160e-08     9.678670e-09     7.400160e-12     1.362980e-09     2.150870e-09
  18      1.124287e+04    -5.363892e-01     1.844240e-10     5.364600e-14     5.373440e-16     4.106310e-13     3.092500e-12
  19      1.186747e+04    -1.568649e+00     7.345860e-01     5.076930e-01     3.529070e-06     6.448250e-02     1.864380e-02
  20      1.249208e+04    -1.511847e+00     7.249390e-01     5.139870e-01     1.438400e-06     4.778010e-02     1.846760e-02
  21      1.311668e+04    -1.513793e+00     7.114620e-01     5.131140e-01     1.259000e-06     3.548460e-02     1.581530e-02
  22      1.374128e+04    -1.539457e+00     6.913870e-01     5.013660e-01     1.104340e-06     3.210980e-02     1.161350e-02
  23      1.436589e+04    -1.578378e+00     6.642200e-01     4.737700e-01     1.035150e-06     3.819920e-02     1.130350e-02
  24      1.499049e+04    -1.613419e+00     6.268340e-01     4.236080e-01     1.170620e-06     5.753000e-02     1.866450e-02
  25      1.561510e+04    -1.645646e+00     5.812730e-01     2.957530e-01     1.849510e-05     1.360210e-01     3.807440e-02
  26      1.623970e+04    -1.684120e+00     4.987500e-01     8.864830e-02     9.197690e-05     2.052150e-01     1.068070e-01
  27      1.686430e+04    -1.721615e+00     3.261580e-01     5.538610e-03     3.018710e-05     3.994500e-02     1.705900e-01
  28      1.748891e+04    -2.432767e+00     7.444730e-02     3.304350e-04     3.034590e-06     1.566470e-03     1.039020e-02
  29      1.811351e+04    -2.592392e+00     2.492330e-02     2.716780e-05     6.208740e-07     2.013380e-04     1.498900e-03
  30      1.873811e+04    -2.682283e+00     8.508220e-03     7.580750e-07     4.327840e-08     1.654180e-05     2.392380e-04
  31      1.936272e+04    -2.738923e+00     2.470200e-03     4.418610e-09     5.294960e-10     5.424920e-07     2.652330e-05
  32      1.998732e+04    -2.863828e+00     1.922090e-04     6.769680e-12     1.072060e-12     2.967340e-09     5.417450e-07
  33      2.061192e+04    -3.023365e+00     1.871010e-05     6.814060e-15     1.556580e-15     2.422310e-11     2.078110e-08
  34      2.123653e+04    -3.256697e+00     6.743770e-07     6.720580e-18     2.119200e-18     1.727550e-13     2.963650e-10
  35      2.186113e+04    -3.485345e+00     1.246410e-07     1.930840e-21     6.891540e-22     3.014060e-16     1.002420e-11
  36      2.248573e+04    -3.721274e+00     2.637650e-08     3.690700e-24     3.732330e-24     1.488230e-17     1.058220e-12
  37      2.311034e+04    -3.943995e+00     4.048330e-09     1.108070e-26     1.370460e-26     1.761250e-19     4.442840e-14
  38      2.373494e+04    -4.141773e+00     1.023690e-09     0.000000e+00     0.000000e+00     1.357780e-20     6.587300e-15
  39      2.435955e+04    -4.329766e+00     2.083550e-10     0.000000e+00     0.000000e+00     6.961820e-22     5.978960e-16
  40      2.498415e+04    -4.492896e+00     7.231950e-11     0.000000e+00     0.000000e+00     9.059520e-23     1.165460e-16
  41      2.560876e+04    -4.662627e+00     3.489720e-11     0.000000e+00     0.000000e+00     2.246870e-23     3.722170e-17
  42      2.623336e+04    -4.807600e+00     1.228900e-11     0.000000e+00     0.000000e+00     2.838200e-24     6.841920e-18
  43      2.685796e+04    -4.941168e+00     7.204720e-12     0.000000e+00     0.000000e+00     9.168980e-25     2.682740e-18
  44      2.748257e+04    -5.077461e+00     4.369770e-12     0.000000e+00     0.000000e+00     2.450930e-25     1.035970e-18
  45      2.810717e+04    -5.219097e+00     2.780450e-12     0.000000e+00     0.000000e+00     7.132660e-26     4.750040e-19
  46      2.873177e+04    -5.362958e+00     2.218650e-12     0.000000e+00     0.000000e+00     4.806120e-26     3.540690e-19
  47      2.935638e+04    -5.491294e+00     1.794800e-12     0.000000e+00     0.000000e+00     3.347180e-26     2.698510e-19
  48      2.998098e+04    -5.608828e+00     1.466590e-12     0.000000e+00     0.000000e+00     2.321930e-26     2.074940e-19
  49      3.060558e+04    -5.721551e+00     1.206880e-12     0.000000e+00     0.000000e+00     1.580590e-26     1.602050e-19
  50      3.123019e+04    -5.831553e+00     1.112280e-12     0.000000e+00     0.000000e+00     1.356400e-26     1.452400e-19
  51      3.185479e+04    -5.115797e+00     8.268400e-13     0.000000e+00     0.000000e+00     6.591770e-27     9.586890e-20
  52      3.247940e+04    -6.111583e+00     4.246650e-13     0.000000e+00     0.000000e+00     4.538980e-28     3.771990e-20
  53      3.310400e+04    -6.354010e+00     2.060260e-13     0.000000e+00     0.000000e+00     0.000000e+00     1.625160e-20
  54      3.372860e+04    -6.213518e+00     1.213730e-13     0.000000e+00     0.000000e+00     0.000000e+00     8.995430e-21
  55      3.435321e+04    -6.189728e+00     9.420430e-14     0.000000e+00     0.000000e+00     0.000000e+00     6.784740e-21
  56      3.497781e+04    -7.000000e+00     7.548560e-14     0.000000e+00     0.000000e+00     0.000000e+00     5.288840e-21
  57      3.560242e+04    -7.000000e+00     6.564810e-14     0.000000e+00     0.000000e+00     0.000000e+00     4.525350e-21
  58      3.622702e+04    -7.000000e+00     4.724890e-14     0.000000e+00     0.000000e+00     0.000000e+00     3.071330e-21
  59      3.685162e+04    -7.000000e+00     3.688520e-14     0.000000e+00     0.000000e+00     0.000000e+00     2.278000e-21
  60      3.747622e+04    -7.000000e+00     2.446390e-14     0.000000e+00     0.000000e+00     0.000000e+00     1.347480e-21
  61      3.810083e+04    -7.000000e+00     1.606690e-14     0.000000e+00     0.000000e+00     0.000000e+00     7.568060e-22
  62      3.872543e+04    -7.000000e+00     1.779300e-14     0.000000e+00     0.000000e+00     0.000000e+00     8.870820e-22
  63      3.935004e+04    -7.000000e+00     1.300930e-14     0.000000e+00     0.000000e+00     0.000000e+00     5.676260e-22
  64      3.997464e+04    -7.000000e+00     1.439800e-14     0.000000e+00     0.000000e+00     0.000000e+00     6.676020e-22
  65      4.059924e+04    -7.000000e+00     1.598900e-14     0.000000e+00     0.000000e+00     0.000000e+00     7.855340e-22
  66      4.122385e+04    -7.000000e+00     1.169950e-14     0.000000e+00     0.000000e+00     0.000000e+00     4.994570e-22
  67      4.184845e+04    -7.000000e+00     8.713810e-15     0.000000e+00     0.000000e+00     0.000000e+00     3.188690e-22
  68      4.247306e+04    -7.000000e+00     9.568770e-15     0.000000e+00     0.000000e+00     0.000000e+00     3.729770e-22
  69      4.309766e+04    -7.000000e+00     1.056260e-14     0.000000e+00     0.000000e+00     0.000000e+00     4.391230e-22
  70      4.372227e+04    -7.000000e+00     1.171370e-14     0.000000e+00     0.000000e+00     0.000000e+00     5.189830e-22
  71      4.434687e+04    -7.000000e+00     8.663590e-15     0.000000e+00     0.000000e+00     0.000000e+00     3.269240e-22
  72      4.497147e+04    -7.000000e+00     9.559660e-15     0.000000e+00     0.000000e+00     0.000000e+00     3.853030e-22
  73      4.559607e+04    -7.000000e+00     7.865110e-15     0.000000e+00     0.000000e+00     0.000000e+00     2.840250e-22
  74      4.622068e+04    -7.000000e+00     6.546230e-15     0.000000e+00     0.000000e+00     0.000000e+00     2.114450e-22
  75      4.684529e+04    -7.000000e+00     5.997340e-15     0.000000e+00     0.000000e+00     0.000000e+00     1.839840e-22
  76      4.746989e+04    -7.000000e+00     4.746980e-15     0.000000e+00     0.000000e+00     0.000000e+00     1.276750e-22
  77      4.809449e+04    -7.000000e+00     4.134120e-15     0.000000e+00     0.000000e+00     0.000000e+00     1.052770e-22
  78      4.871909e+04    -7.000000e+00     4.123360e-15     0.000000e+00     0.000000e+00     0.000000e+00     1.048860e-22
  79      4.934370e+04    -7.000000e+00     3.860050e-15     0.000000e+00     0.000000e+00     0.000000e+00     9.626150e-23
  80      4.996830e+04    -7.000000e+00     4.102520e-15     0.000000e+00     0.000000e+00     0.000000e+00     1.041370e-22
